Webots Project File version R2025a
perspectives: 000000ff00000000fd00000002000000010000011c0000032cfc0200000001fb0000001400540065007800740045006400690074006f007200000000130000032c0000003f00ffffff000000030000078000000039fc0100000001fb0000001a0043006f006e0073006f006c00650041006c006c0041006c006c0100000000000007800000006900ffffff000007800000038c00000001000000020000000100000008fc00000000
simulationViewPerspectives: 000000ff00000001000000020000012a000006540100000002010000000100
sceneTreePerspectives: 000000ff00000001000000030000001c000000c0000000fa0100000002010000000200
maximizedDockId: -1
centralWidgetVisible: 1
orthographicViewHeight: 1
textFiles: -1
consoles: Console:All:All
renderingDevicePerspectives: Iris:camera;1;0.391684;0.000187877;0.560166
renderingDevicePerspectives: Iris:gimbal_camera;1;0.583333;0;0
