Webots Project File version R2025a
perspectives: 000000ff00000000fd000000020000000100000075000003c7fc0200000001fb0000001400540065007800740045006400690074006f00720100000013000003c70000003f00ffffff000000030000078000000039fc0100000001fb0000001a0043006f006e0073006f006c00650041006c006c0041006c006c0300000780000003bd000007800000003900000709000003c700000001000000020000000100000008fc00000000
simulationViewPerspectives: 000000ff0000000100000002000001e2000005250100000002010000000100
sceneTreePerspectives: 000000ff00000001000000030000001c000000c0000000fa0100000002010000000200
maximizedDockId: -1
centralWidgetVisible: 1
orthographicViewHeight: 1
textFiles: -1
consoles: Console:All:All
renderingDevicePerspectives: Iris:camera;1;0.179928;0.000187877;0.646538
renderingDevicePerspectives: Iris:gimbal_camera;1;0.395833;0;0
