Webots Project File version R2025a
perspectives: 000000ff00000000fd0000000200000001000000bb00000318fc0200000001fb0000001400540065007800740045006400690074006f00720000000013000003180000003f00ffffff000000030000078000000039fc0100000001fc00000000000007800000000000fffffffa000000000100000002fb0000001a0043006f006e0073006f006c00650041006c006c0041006c006c0300000780000003bc000007800000003afb0000001a0043006f006e0073006f006c00650041006c006c0041006c006c0100000000ffffffff000000000000000000000780000003c700000001000000020000000100000008fc00000000
simulationViewPerspectives: 000000ff0000000100000002000001200000065e0100000002010000000100
sceneTreePerspectives: 000000ff00000001000000030000001c00000123000001200100000002010000000200
maximizedDockId: -1
centralWidgetVisible: 1
orthographicViewHeight: 1
textFiles: -1
renderingDevicePerspectives: Iris:camera;1;0.137218;0.000187877;0.646538
renderingDevicePerspectives: Iris:gimbal_camera;1;0.395833;0;0
